9.79
18.68
14.67
-9.58
57.60
39.29
24.01
7.91
3.09
67.43
33.00
10.58
71.57
27.54
4.36
20.68
23.18
10.13
12.57
88.68
10.52
8.68
10.10
6.03
35.94
12.45
12.27
36.03
6.46
26.40
30.05
33.48
39.24
22.55
310.03
17.98
22.55
6.47
72.01
71.27
39.94
28.95
36.31
22.97
27.93
22.00
9.90
13.99
12.10
8.44
33.80
26.30
27.46
41.20
69.42
73.04
28.02
77.43
43.34
7.82
43.86
44.68
30.07
55.04
9.29
6.27
25.32
23.79
6.27
12.01
24.14
20.56
8.12
109.96
48.65
37.91
7.44
9.22
4.45
6.92
16.69
-67.14
15.09
728.18
-9.40
23.73
184.19
85.82
-104.74
15.62
31.40
9.93
61.58
29.21
40.70
11.83
16.54
88.94
9.64
26.33
15.36
12.47
3.64
-1.03
5.84
-108.23
2.93
40.53
-
8.31
52.97
35.76
51.42
110.17
74.12
8.49
23.70
6.83
53.61
29.97
14.81
8.90
69.60
22.68
-227.73
27.64
9.96
94.34
-7.14
None
18.69
29.52
35.41
9.94
14.15
19.69
None
16.02
6.89
21.41
21.21
83.18
62.22
27.46
51.04
54.03
41.74
22.80
13.68
14.32
14.10
5.33
19.22
53.11
21.00
56.42
44.10
23.69
65.10
11.45
6.54
None
47.98
20.33
57.44
33.32
58.93
None
None
53.29
None
None
-
-
None
None
None
None
4.67
